[1] "Eigen Values"
       eigenvalue variance.percent cumulative.variance.percent
Dim.1        0.20            33.70                       33.70
Dim.2        0.14            23.51                       57.21
Dim.3        0.09            14.49                       71.71
Dim.4        0.06            10.55                       82.26
Dim.5        0.04             6.61                       88.87
Dim.6        0.03             5.07                       93.94
Dim.7        0.01             2.04                       95.98
Dim.8        0.01             1.64                       97.62
Dim.9        0.01             1.29                       98.92
Dim.10       0.00             0.63                       99.55
Dim.11       0.00             0.24                       99.79
Dim.12       0.00             0.20                       99.98
Dim.13       0.00             0.02                      100.00
[1] "Coordenadas Filas"
     Dim 1 Dim 2 Dim 3 Dim 4 Dim 5
9001 -0.45 -0.22 -0.01  0.17  0.22
9002  0.29  0.30  0.19  0.36  0.12
9003 -0.59  0.23  0.10  0.02 -0.26
9004 -0.88  0.07 -0.08 -0.03 -0.07
9005 -0.24 -0.20 -0.20  0.02  0.19
9006  0.31  0.66  0.06 -0.42  0.09
9007  0.28 -0.66  0.14 -0.01 -0.11
9008  0.22 -0.13 -0.52 -0.22 -0.14
9010  0.55  0.07  0.33  0.11 -0.38
9011 -0.07 -0.39  0.21  0.00  0.29
9012  0.29 -0.07 -0.77  0.13  0.07
9013  0.25 -0.60  0.42 -0.39 -0.12
9014  0.08 -0.31 -0.18 -0.18  0.39
9016  0.31 -0.06 -0.64 -0.04 -0.05
9017  0.73 -0.25 -0.45  0.61 -0.47
[1] "Coordenadas Columnas"
       Dim 1 Dim 2 Dim 3 Dim 4 Dim 5
Hpre    0.11 -0.02 -0.21 -0.18 -0.04
Hcom   -0.04  0.09 -0.21  0.05  0.41
Hinter -0.49  0.31  0.23  0.41  0.06
TrCam   0.62  0.00 -0.33  0.74 -0.19
Oact    0.50 -0.21 -0.37  0.63 -0.06
CaFun   0.49  1.14  0.32 -0.29  0.09
SoCap  -1.17  0.23  0.05  0.08 -0.28
Inv.f   0.76  1.09  0.45  0.09  0.19
SoInv  -0.89 -0.25 -0.25  0.03  0.24
Ges.f   0.44  0.68  0.33  0.24 -0.51
SoGe   -0.17 -1.02  0.27 -0.15  0.33
CrVeg  -0.07 -0.07  0.33  0.10  0.23
CrNca   0.21 -0.38  0.47 -0.27 -0.29
CrAIn   0.48 -0.79  0.62  0.05 -0.23
[1] "Cosenos cuadrados Filas"
     Dim 1 Dim 2 Dim 3 Dim 4 Dim 5
9001  0.54  0.12  0.00  0.07  0.13
9002  0.23  0.24  0.10  0.36  0.04
9003  0.68  0.11  0.02  0.00  0.14
9004  0.94  0.01  0.01  0.00  0.01
9005  0.08  0.05  0.05  0.00  0.05
9006  0.13  0.59  0.00  0.24  0.01
9007  0.11  0.58  0.03  0.00  0.02
9008  0.08  0.03  0.46  0.08  0.03
9010  0.40  0.01  0.14  0.01  0.20
9011  0.02  0.51  0.14  0.00  0.27
9012  0.09  0.00  0.59  0.02  0.01
9013  0.07  0.45  0.22  0.18  0.02
9014  0.02  0.25  0.08  0.08  0.40
9016  0.18  0.01  0.77  0.00  0.00
9017  0.35  0.04  0.14  0.24  0.14
[1] "Cosenos cuadrados Columnas"
       Dim 1 Dim 2 Dim 3 Dim 4 Dim 5
Hpre    0.12  0.00  0.49  0.34  0.02
Hcom    0.00  0.03  0.14  0.01  0.52
Hinter  0.36  0.14  0.08  0.25  0.01
TrCam   0.29  0.00  0.08  0.41  0.03
Oact    0.27  0.05  0.15  0.42  0.00
CaFun   0.13  0.72  0.06  0.05  0.00
SoCap   0.89  0.03  0.00  0.00  0.05
Inv.f   0.27  0.56  0.10  0.00  0.02
SoInv   0.60  0.05  0.05  0.00  0.04
Ges.f   0.14  0.33  0.08  0.04  0.19
SoGe    0.02  0.61  0.04  0.01  0.07
CrVeg   0.02  0.02  0.51  0.05  0.24
CrNca   0.06  0.20  0.31  0.10  0.12
CrAIn   0.17  0.46  0.29  0.00  0.04
